periodo,molienda_cereales_y_oleaginosas,resto_de_alimentos,bebidas,tabaco,textil_indumentaria_y_cuero,madera_papel_y_edicion,refinacion_de_petroleo,quimicos,caucho_y_plastico,minerales_no_metalicos,metales_basicos,metalmecanica,automotriz,resto_de_industria,total_industria
2011-01-01,116651.7456222897,136659.5123768114,47865.66549553879,2725.804437868366,83257.97159001222,114833.2554495164,61928.03853318444,203502.6079654986,84290.52883526246,159409.5225726612,299761.7618946636,24769.44431852358,41506.23982480035,1175.169755838784,1382099.615044252
2011-02-01,113852.5794951857,137724.3443041328,48170.70934844964,2976.321061231299,81638.73810404789,115447.1467028183,62875.74577186463,201580.1562269226,85351.77882692368,157357.3408753146,329513.2479009866,24815.77385698643,42346.72667302097,1138.005957739463,1404655.676629032
2011-03-01,121215.5813313624,136769.4343960637,45081.63950161615,2830.4668294575,73907.60805930938,113627.3879882678,61912.25648804406,198372.2545252328,82438.51609154623,161761.5857808455,289416.8068019282,24046.32619740353,43077.58416693529,1139.205203936167,1368509.591983535
2011-04-01,116190.8202875508,139763.8251137413,47765.74045819751,3004.365536314254,74844.03045398917,122090.933472716,61592.92282806196,200930.5602993199,83770.73603856654,162826.4179863129,292972.0426873087,24380.93793416872,44246.88870270462,1110.07826198982,1376878.044543877
2011-05-01,112921.7790029197,137179.1996246773,46236.06991584784,2867.322850329198,74965.21339680935,118783.6436450438,60553.91535284634,199423.4797533733,83677.24449716997,169749.8722090597,316596.5133479156,24230.44416068519,45735.21239592025,1071.2093591018,1393881.843171855
2011-06-01,106097.6852267053,136408.0503698975,46877.81139489487,3363.030696363923,75424.78004721482,114798.8591252558,59914.25569835114,203957.1774688988,83139.62398111925,158978.336007049,306054.9087139564,23900.31996274036,45258.28471744266,952.8991140313663,1376842.959425657
2011-07-01,107011.1728107282,136605.3775047729,47277.31023891675,2834.748270669597,73375.33154459641,116941.552790183,59767.59616061924,199032.7168044592,82928.46553905656,164408.4867404905,336437.2854399605,24207.74418059544,44398.41338145421,819.067192832879,1382369.194862018
2011-08-01,111411.8500176972,137066.5978202295,47450.9441536575,2780.882183168661,72323.75095771189,119939.7806745174,60301.0554650772,204367.3309654671,83600.9088164219,164896.1013770582,311761.424496924,24868.07693846309,44956.76713761211,927.4259347745373,1383396.497892873
2011-09-01,119621.4742503429,139692.3615054562,46179.01853777145,2781.86697838493,72888.73294585086,116681.6266167695,58707.12027589507,203075.0853627163,81413.70371045551,168795.6134013602,279418.8732302753,23902.6289738787,44728.4515826389,897.4657538102443,1354611.2841589
2011-10-01,121165.2571088357,140417.5015871564,48068.01263633541,2789.077626064805,71700.46420114057,116131.2105999447,60867.84222185864,203573.9356249255,83435.59287864357,164839.1414590382,293070.6190740031,24107.83221836702,42808.3353588598,957.308317263209,1371109.810558053
2011-11-01,121652.2779204449,139113.5215767695,48051.53741495515,2818.480769629363,73704.49826168787,116144.2767696402,62231.05172852345,202239.4424122488,82307.1231685872,166817.151333497,286146.8465548552,23891.12060121619,43792.49851496196,1023.301612425186,1373138.282082049
2011-12-01,122936.3532436399,139152.4702989854,47478.8203434578,2732.798086191155,69263.87169726304,117903.960836468,62860.65436669115,205569.0873628323,84669.57018843321,170179.8327137249,295908.0060340058,23824.96678159311,43311.61203148213,1147.392519172669,1382432.982641819
2012-01-01,121615.6696078731,140579.6130755661,47870.20437682598,2901.497758263131,74562.11727785817,121056.0981064755,58273.74650915394,203234.5912302044,81562.73316268891,170447.7079019848,284982.7715563317,24002.93467483804,45949.23085846917,987.1116451984346,1380887.8968622
2012-02-01,119156.7313913649,134440.8334994811,47102.50070185215,2719.292362973169,75143.46373908159,120608.9055849109,61230.45817217672,210119.1365500531,84089.45227453878,169240.0724827377,300136.8352561706,23566.27732266658,42639.35535718481,1018.635268499401,1390140.910903673
2012-03-01,114701.4257614033,140510.4382320821,50463.11558591483,3493.431384630455,77284.89369483826,123050.6684271602,59634.43780708043,206520.4950933783,89628.72994721352,167795.1658074115,313556.5990537149,24575.92486868477,43424.25404691778,1062.493288743581,1423236.33021659
2012-04-01,112101.8962275641,137231.0358745719,46987.36868767835,2644.182888200366,74232.57130456045,119856.2606799724,55541.94858274575,201097.0492684855,82794.94406786638,166838.6120382407,313708.620809789,23106.63567291747,42377.98837225827,1012.582424375024,1379628.368260628
2012-05-01,110450.6630978435,139786.3084825819,46702.76519661258,2762.434847685056,76361.05516226872,117542.1792366414,52930.79690729319,199846.4807004732,82375.5727569383,163327.7992517359,292039.2702959043,23028.34646677172,42565.12563887796,942.0776181403465,1353505.303514829
2012-06-01,112706.3842543295,140031.3496760817,46612.04934676856,2724.123592435359,76669.95989964664,117512.36218704,58131.4505429127,199736.6650671615,84401.6648423976,165658.9894756241,298422.02982334,23228.21965255492,42213.66253925064,1003.062183672968,1378715.960666361
2012-07-01,109535.6288136188,140188.3803778681,47035.83781909316,2862.100753790906,77104.60492873404,116607.3422175723,59264.95603265327,208286.453021034,83653.8181600481,165766.9831627291,286527.8672203198,22865.35896729228,43886.47758667312,922.3940505484976,1352477.092945123
2012-08-01,105114.0988523256,140650.4645016854,47536.27651193161,2818.905904806029,78732.34943652598,116977.7812946433,56424.53803522385,204279.0741500773,86104.74925642268,161523.9481590981,288251.1479861883,23225.43211005579,44708.44343303587,988.2553506965745,1349199.299285726
2012-09-01,102274.2911455625,141678.7765459995,46275.34716391121,2921.432810629448,76589.15560955931,115807.9814352712,59224.53546968561,205117.6506918316,87708.99552649827,166698.2060840506,293348.2289481741,23264.89119469537,42232.62759404674,1040.258556495429,1371005.986545794
2012-10-01,104772.1678083308,140625.2319168232,45745.86803275809,2875.127192668313,78319.40316694262,115069.3113685248,60604.65005966227,201765.7985258715,86728.05265072641,166546.94902229,289891.6315598239,22657.35932825032,43395.77492741129,956.197022857985,1354124.932725437
2012-11-01,106696.8844598866,143005.9310853211,47725.05946853013,2828.965944215421,78891.14134693336,115719.1226582418,58591.58777167704,205948.7692335825,88414.68368996948,158525.9967363079,278053.2996928934,23048.63743680897,43539.38793668016,1007.253222795434,1347194.281778112
2012-12-01,104961.6566777587,140102.1717976028,49483.3350248128,2893.475536480424,74727.1212351529,115513.5995202227,56760.60654147221,203033.0885860304,86309.62284957094,162851.2560323195,277581.905498261,22614.53832589894,42554.90191354039,956.7103210992608,1337519.186601764
2013-01-01,100651.1305730782,141979.7908358072,47120.7609387742,2897.246292328699,79478.78445464156,112165.6584829637,58934.16922100657,190584.3610308648,88160.7177590697,165837.2038429969,290715.7352872336,22404.85608741564,41901.90547427014,960.5343544015416,1350463.762809761
2013-02-01,96788.45436649898,136926.7172457912,48259.65538702413,2897.011408949398,70603.02777103316,112509.8665187131,59912.19586072096,201430.6104906059,84234.41737454552,170731.7981287465,282534.6840284024,22269.16766554594,43565.51125580976,921.2553512424232,1335120.978782699
2013-03-01,96423.17381077871,140762.5338214156,49119.17043014576,3194.614313993394,73805.87857183778,112980.8829745416,60931.48813912812,204650.0567126909,86719.75412558635,169749.869740241,291424.8403263005,23225.45104993498,43689.881937127,898.2430457451694,1361958.560436195
2013-04-01,103028.9690897387,142984.5290770035,45577.58508184208,2900.55067388414,78292.5059025089,112125.2463557665,65092.16514725534,204798.9303886651,87602.20469391682,162083.621474201,280121.4763007481,23181.13150591661,43781.35374621593,925.6165536285259,1357602.457388707
2013-05-01,104487.9774340572,145451.0705684412,48525.94000720597,2911.540648957023,78828.19738164441,116507.9884511956,64356.50716446718,208134.2039427609,89521.48143093854,170466.0953952775,278327.4780754675,23458.06273488746,46742.50029513326,986.037908893515,1373601.705016698
2013-06-01,108754.1525296851,144385.6470402593,49386.0573921005,2620.399988621374,77333.26373038613,116039.9903412368,70901.6560261397,202447.3833582696,84394.45484106109,170206.7307681077,240167.6748030856,22471.42100286466,41975.13688323477,986.5304045076157,1348273.942525861
2013-07-01,104757.106203118,144101.4533825878,48918.21159795666,2776.138263126586,79494.96533892587,108607.1735399054,66239.60091342451,189648.1401679618,89054.97394081754,168842.2509946326,269696.9369428655,23284.41903452506,44015.62894369959,1088.429184031356,1329912.089258317
2013-08-01,106544.3058296792,143225.854513278,47596.50955448241,2920.133732179984,79587.62129716095,115345.386092788,66040.47329563202,200764.9209434272,87454.17454391428,177442.208952948,286019.9845399988,23747.88091581064,43879.3387115273,1106.002846078459,1375522.505434755
2013-09-01,105868.0769989473,143158.0719170901,48857.17583287585,2826.480486212213,80469.60676914347,116372.9980724446,66177.6076588916,203370.4511593673,86714.75203135869,173734.1692653794,301424.8775432628,23132.76742900446,43733.67661220512,1109.27576697475,1394607.402239434
2013-10-01,96440.83116261475,143555.6095477959,49475.08891181876,2866.713290181011,81244.94401425362,118083.0437231192,65298.02636194121,208994.0341354733,87667.6546353828,171885.186933363,296016.5942583876,23162.17418601183,43643.61384584079,1120.736297136314,1388056.172639584
2013-11-01,92304.94117980605,143387.2780754054,49525.37239697872,2907.02523417027,79740.7378779921,117591.8544606181,68693.19725402731,208979.3525773844,86900.86635997446,172855.1333893142,292489.3336761369,22844.16197597595,41782.5218978558,1100.615241729461,1381009.448478042
2013-12-01,92047.26506897247,144691.9112233358,49128.03989971312,3003.478618291993,81627.74973994642,117004.2001226744,69696.14617792047,212094.7409380242,86560.11931736504,170928.3778838564,297931.3823417812,23027.98328756705,41221.30419459169,1068.597662317808,1384027.317348906
2014-01-01,99094.13649471712,140765.3823735336,50251.04366218894,2909.102513668928,77677.88193401344,117573.2260844289,70578.72430516704,212485.2447051797,86724.61992615271,164038.6083923331,287782.7631029067,22656.3469072339,38432.99850927389,1111.247718298063,1371375.685068913
2014-02-01,103225.2477151173,141609.1785639797,51936.11860886737,2911.49079186322,76981.09087558583,115077.2726885839,64294.94968218011,208865.6982257283,83990.24268413721,164824.097534132,293446.3356230091,22004.1735765529,43011.57539225912,1070.008094947493,1375532.316649938
2014-03-01,102286.4689796411,135394.8358685562,45610.36134147093,2862.380696878068,72993.11697235586,113137.6720014626,63599.43284293391,201836.2315415857,80733.73960713514,165506.2634070856,288438.9434249412,21667.70352380272,36546.68726305124,866.4091007545908,1341986.048008401
2014-04-01,102453.7915549069,137526.6658105699,47219.5066828374,2943.466055364511,75143.44416764354,110672.9597401085,64724.34859472067,207162.4696387893,83249.75184078603,168644.3122956361,311481.265330454,22063.19047152134,37777.32766740449,1001.36670786944,1375803.069222313
2014-05-01,106571.4473593411,137525.5894355856,49666.46943831407,2908.302590970242,74404.60306650763,108894.14966442,67494.24889468221,209681.8908560852,83183.74819272554,171031.2912854367,310127.7916390011,21959.54576675468,34974.49376665241,1025.896249879502,1378319.485914807
2014-06-01,104651.3911093711,141039.0013626266,48912.87048449723,3256.987164565448,75349.66542146368,110078.0517270295,66281.93823610483,212458.9923992296,84188.64537475728,167816.5836075648,316592.1917973314,22054.28897368003,35049.7300498387,1106.873417710712,1396936.344335719
2014-07-01,104223.2801834464,146325.0966023773,48741.19071386503,3256.128343254081,74914.77535774588,112149.7140403425,68012.01858126915,210827.5417899743,82557.70842370845,167985.6039395648,318069.6606950767,21895.42816758107,34680.36776465589,1079.304660214094,1390074.282857351
2014-08-01,102781.9657853399,142558.9854234474,49160.21069492335,2721.625575588574,74875.25844408972,111961.3613828217,69749.30988464356,203586.8341647074,79412.76478725846,168796.5531746396,291679.7356769277,21358.61471185506,33391.56746270793,1044.798707918251,1345871.789329642
2014-09-01,104085.5544665834,140031.3135696705,51648.90865681993,2770.92019625191,74655.17662734535,114125.8860221796,69614.65016300665,215020.0406100704,83957.59626859101,164362.6894728172,280730.1399433885,21846.96394330883,35459.23100699628,1032.138729832269,1358127.598428506
2014-10-01,119540.7408499265,143880.8706615496,51347.88870404773,2869.070306455199,74403.52451950277,112709.3511516008,68465.41568237991,211484.4650273886,87582.80998789541,169479.0731734351,269938.9165107749,22024.40870304503,36901.71764817627,1135.257582915786,1362571.781086116
2014-11-01,102084.977482805,142130.3905075442,51152.96364407393,2874.313998438787,72856.21418691214,106114.4054345403,65836.05507228945,203953.6974805222,81898.23945470434,169184.8392408151,295555.1012129237,21937.1728758902,36928.14952996617,1050.847687234777,1361143.249343238
2014-12-01,105558.4039960392,140677.9359153725,49191.18901120905,2733.14274097508,73695.21053459877,111732.6061629582,65329.24550883014,203839.1415025924,82509.49157912639,168930.1465504071,303034.4086597888,21960.52015886612,38092.35344289708,1147.151327148038,1360888.304121062
2015-01-01,102618.2561066358,143082.2160363246,48851.16936976744,2793.203914858752,71802.18362422788,109753.8359647536,68533.70117561315,206859.350342399,78996.15142099574,171695.084615446,268544.5734256409,22280.29551686343,38278.14705408974,1109.358780723919,1338692.001584601
2015-02-01,106576.1235547247,144625.6586067238,46631.17189370574,2955.406482647037,71226.84858201636,110457.4852803477,69521.72188062019,198617.9604258419,86536.53637965691,168577.0269565902,271493.802626263,22158.71402238572,38445.04827968373,1278.90710237774,1340316.854306497
2015-03-01,100848.936494886,146999.9323126133,48432.27513797621,3126.350884393587,71760.43610515245,113900.133958104,70989.14177503419,212230.478220223,83618.14216555975,170930.4371625055,251987.6604976527,22262.58963460298,37519.47814973983,1192.979621641589,1344355.11242032
2015-04-01,108095.0789591027,147683.8442624643,52366.38893981493,3189.546867749225,73026.54166056267,118029.4184260732,70511.83439028278,212661.0306390154,84935.64267574222,172981.6235740965,241719.3443637646,22218.11855448845,37948.29274493246,1239.855789671448,1349596.574976539
2015-05-01,72173.41286520862,145581.2836304126,53296.38418248252,3173.105227552277,74292.18042037518,114618.6687587006,69980.70144988556,207689.879424335,84385.85368036221,176035.9955741558,236089.4337614101,22087.89610873106,37634.28007517933,1191.667446053322,1299622.062559777
2015-06-01,102810.7959704997,143455.2839962219,52050.32026491068,3371.274379804446,75983.31163680348,114953.8324405931,69027.34315341842,209527.2809272319,87556.0708093639,179948.082519226,256058.1471603912,22802.71523512827,39698.30867216334,1172.122020594972,1366387.13666949
2015-07-01,112147.7293695268,141813.3452107462,49883.22907956273,3109.580803991203,75215.02815438151,119311.4503522606,66878.81128909154,195266.8087835675,86983.26093086286,178360.4652050541,257471.9271321969,22857.12229096542,38965.13531795886,1188.224488528208,1337544.935503941
2015-08-01,112918.2311114835,139544.6897395112,50665.99753112042,3138.174244462917,74502.70730447589,113047.791944003,63917.12320769342,206047.5199080429,84358.41055472179,169203.4966943456,302537.6668032315,22581.63481876601,37532.17426060241,1100.915552151157,1374049.436038075
2015-09-01,110076.8102262813,142232.3587776304,50028.70221678788,3075.655379577914,76241.21144362063,113888.9672406595,69628.87435448775,198259.396293138,84706.57142897899,175853.1519837314,256767.3348541331,23752.50922032148,39459.05983204078,1218.118034283533,1348115.977024707
2015-10-01,109745.9069697539,136831.6760087141,48413.81352479698,2969.729315158754,75964.62943091271,113367.8417301796,68841.60667887398,200994.9462561957,83108.68517676898,177610.0456971773,280432.9856796809,22769.85050021563,37008.03260957993,1068.435827344386,1353750.167925214
2015-11-01,111539.8375287265,135912.2243224171,46694.80914224302,2899.347712856857,75801.22352258515,116130.2549410684,70270.5221342453,203184.6463844296,84502.28398537949,174777.8819440682,254955.0954933561,22489.86943545172,36562.13436907882,1143.87002504636,1336697.076409461
2015-12-01,110929.3471448073,136511.7701076045,48794.04727933386,2837.015225619696,76364.53964810469,115387.9122008512,71747.16013015868,202535.7487241553,81130.17073951058,172479.867170536,244956.4169833287,21996.31339442042,37105.453209044,1066.199208478355,1322016.776624665
2016-01-01,118022.3282826564,135507.6736278762,47641.28022903617,2959.436035103507,69659.94613910049,116161.495893162,70322.81678530471,196843.4271824619,81115.50265062206,171702.124750834,251040.9353235734,21888.7892072098,39855.8279914989,1111.238144923884,1329228.131098381
2016-02-01,105312.3860539823,134274.852028088,47952.04738751573,2893.141962233505,76480.50692555482,113364.408103641,72874.15783129797,205131.6471783898,82880.76767116359,177313.1022253483,210168.3482410138,22052.40168027308,39027.11867477849,1094.565522646059,1283645.913261462
2016-03-01,111801.831114262,137363.2722568336,47782.95529415966,3012.092593579048,73471.74505261432,105048.6667795757,71915.25646436837,195930.6184591995,83201.68744576888,166660.2032709385,178581.1500100289,21460.02914606153,39320.47976169987,1126.271169425417,1245835.901028991
2016-04-01,101212.8392958914,133397.5278260511,48336.89859082966,3314.793521691675,71872.60058017878,111125.646065706,70654.3843095802,197433.5495228384,82545.91627441481,162977.3763670983,185674.4733299809,21735.73795836488,38674.18991055586,1136.377285794315,1234930.473192769
2016-05-01,99487.4204907642,131482.653683914,45843.09391282289,3020.77429466597,68265.45114238904,109632.8827530454,68293.11151608301,196858.7933536604,78000.48044220216,158135.9255617919,206768.0065788183,20907.11916497958,38131.97943997337,1114.867792397437,1226532.136910399
2016-06-01,102460.9887474819,132095.1012440278,44160.62958116056,2881.89293592623,66256.64258330308,108072.0002971021,66656.14640103396,183531.2255109223,75192.26906037371,158745.320811754,200249.3066117248,19728.55917860835,36645.51215885207,1126.751298949022,1206089.521811351
2016-07-01,99074.05602192091,133860.1092027753,47350.3242045273,2582.802001797984,65054.36498537808,98737.84710893556,71317.33017388122,206908.7944776532,75417.6132054475,179300.5223944525,186210.3972441052,19332.12762014992,37238.88308876789,1003.875296821215,1217082.300554524
2016-08-01,102490.0470225542,136288.6305611031,47963.5103575744,2490.784216806034,68047.86035698315,101428.957069354,67339.33103854064,199388.4923113901,77260.63238405823,154098.8794179683,170490.2748869073,19061.26819728583,38060.25128641921,1118.94993642486,1174852.441421577
2016-09-01,107813.4813484863,133546.2982021765,48785.51394560845,2495.55924080896,64404.50388165268,101316.0953286172,65881.19316080694,199636.0970156352,76597.35718719976,156093.301431802,177799.730729437,19582.35440388422,37289.79904951447,1078.051972043846,1186690.562503142
2016-10-01,105031.5106812961,133953.9289992205,49041.56274611141,2168.425640825121,62641.72577564851,104739.747762225,67066.756665765,198497.1026919998,78172.10190842337,154859.7100136363,186482.9223072063,20360.12149335312,37337.77099415471,1114.507232505084,1198490.011084982
2016-11-01,108984.7549506478,135035.2703141147,47003.50839854955,2411.317828849247,64844.56578517858,103112.9964019967,67206.0101032713,207212.5876705029,78842.57949180224,158788.4611126934,182452.968175692,19976.12019928433,39307.60565722316,1067.9002090406,1223346.699841733
2016-12-01,104283.8794041928,137507.4800610931,49466.73215798572,2540.327667464449,63486.33662391653,102169.6767934808,63499.84183463221,200313.7207454075,81525.36781354477,163072.005614136,200755.8793157228,19598.9213942985,42450.4245766083,1209.375326076825,1230564.723115802
2017-01-01,102400.03215554,138376.4325997856,49196.9163774992,2652.766836339716,65258.075323692,102276.6390532832,66786.94794540675,208703.7150758687,81436.37400457503,158806.2501173596,205733.499898433,19855.84381882833,39775.13274164484,1149.477201268543,1246863.418426391
2017-02-01,101163.4724218108,136957.9353660511,48667.44221344152,2376.324979377205,66852.34327936062,106058.7730947267,64256.96762188799,207979.1994015071,76456.52187236267,165015.7181342453,212953.4269215137,20222.49597650409,36421.5649814475,1089.963448280311,1244031.287580909
2017-03-01,107015.4023398985,138075.1156489777,48877.71323667889,2247.387205449629,67061.40384514316,103701.7806487873,65832.90892098178,211249.3288638785,80251.838771084,164265.2108500366,225106.9878807016,20404.02114398842,39002.80211144569,1282.448498932687,1281401.976027604
2017-04-01,99346.57677066144,137427.6521756765,47680.60888443397,2168.139316262002,62601.55692251519,105818.7710228498,66244.64227316745,208035.6034844594,77861.37976014166,162092.3728656141,231247.9718289416,20294.97103044825,36531.25481739552,1036.311263733866,1264597.714364063
2017-05-01,98859.25688539995,128069.1550023675,48214.26461717924,2124.013502989336,66556.35248124588,106344.0877793816,65775.84272446034,202408.6093797234,79297.11015962582,163684.4669927015,213737.4135360158,20584.43493888904,38990.13324930997,1055.054168634549,1233905.458789498
2017-06-01,97685.0915882144,136689.4859366694,48290.59055841474,2288.78203367806,66847.67039213919,106138.5042007204,68059.27766421402,214567.9299681,80491.72528447503,158664.2485189141,205820.7956805833,21027.69224501172,38750.8854827914,1011.061032769865,1245321.889252817
2017-07-01,99948.80907526519,137913.3884856458,50655.06217496343,2773.733366309611,66770.20890703588,109737.2808425953,60366.42862798731,213946.3013793071,80579.849409749,172261.5363273629,224336.4789420486,21698.68479824608,37202.05088148692,962.6938427943344,1273002.196980142
2017-08-01,98897.8888897045,137013.498582384,48780.01803187835,2622.327003249166,66887.36418115614,110027.0241628988,63049.64694368487,217256.6935962051,80481.79661799368,169744.9627176612,226568.2692840941,21920.43299988581,37688.08095270115,1030.850452841085,1277179.290089004
2017-09-01,95404.14848628579,137313.6622259912,47933.35903127184,2614.026097848073,67349.63294270274,108714.8219253315,62461.61929854384,213169.6585271764,80798.13011657938,165775.7791086452,243182.5898005009,21358.95690693575,37847.61788720355,981.4739703139309,1282206.201483627
2017-10-01,105968.0933783892,137480.1849619696,48155.17484612427,2501.167118682732,67248.5131876399,105466.8502056429,61901.24884524402,209324.3676251897,79760.82561280156,172657.9194751973,224081.8391077482,21461.40220991599,37647.18360258907,1005.592455774168,1270153.932740875
2017-11-01,95843.92451259337,138369.6920995769,50357.82425057205,2406.637679978375,67886.99369883088,105754.9461751493,53138.40245219866,205636.4933974889,78493.25419954653,173188.5804936368,246483.002166843,21157.40123483401,37591.74754416397,1022.608925067452,1282729.512681313
2017-12-01,93226.51612956943,137739.1534892932,49871.60838569361,2437.006391905526,72474.15999854925,106434.2041802424,65640.00861313465,209680.106411041,78915.64134410938,172751.1670711774,250273.025028149,21881.82311509034,38813.76106438528,1085.774539739162,1307683.815552034
2018-01-01,98691.50832467504,136861.2463842678,49759.15469349761,2324.786395473498,67067.122734192,107710.7078802081,60447.04272856551,206516.7269469152,76959.34228877493,177176.7987201652,247742.2519811241,21093.55079940429,36623.7612275959,1074.138509438179,1294230.575991033
2018-02-01,98085.08082991942,137374.5164762731,48128.65697996938,2253.323447876719,60701.2376006859,106948.3243625472,60594.98430297375,198947.3069807681,77142.11771383756,173189.9966568644,293826.8608292274,20950.0138225637,40220.11946718404,1155.909920136292,1317249.856043717
2018-03-01,96550.64964620267,137910.2438222013,49246.68092815185,2245.064847734187,63714.06183530414,110849.3799790842,61798.08232107772,202824.1001121533,76042.5045687478,172315.9421568516,273267.8181355323,20898.96492724662,38729.92587443808,1151.200003419588,1311945.759907049
2018-04-01,93265.09542567088,141677.8795626294,49970.38565548643,2283.802837960913,62645.96164356929,106894.5550001097,63238.88572281331,203975.7665722941,76997.04320947579,176427.5393524189,293570.8037934848,21404.51237630386,39716.41107837346,1232.650261913913,1333678.228094114
2018-05-01,93826.68671251336,136765.7661102217,49907.48051104986,2163.484727759983,60370.67788945823,106624.6409317972,56790.21192622195,201714.9757826805,75743.52446991162,171437.4595053264,273127.0131740682,19793.61385975895,38030.6966063034,1280.547211946152,1289225.223316771
2018-06-01,88162.02664517028,133696.5997606204,46510.78222870688,2119.584189015949,59329.89375980821,107088.5320485956,62433.70322769275,198633.1004628953,71918.17953695187,167036.4454440586,259008.1900273543,18439.10264109617,35064.17892338905,1225.290605145076,1249655.986865217
2018-07-01,83886.89530862155,136134.6562099295,47450.67520301775,2162.410827176842,57385.79069094882,101849.467904643,63603.58236039925,195049.2236460683,71013.30928501768,160167.2841175145,264377.9257705589,18628.71792151694,36995.00282331159,1262.192467188001,1231926.06348603
2018-08-01,85524.44617546015,136028.7460785642,45391.9834195943,2071.832901722922,56772.63575288669,102665.1806510334,64778.38387252414,193305.4901143824,71680.5157295485,163254.6424905828,264439.6370404155,18771.4820986092,37284.55612391446,1253.391796233398,1232134.957133947
2018-09-01,90258.51208605334,138545.9479150081,44426.86515543729,2163.99478462463,54168.36978623599,101662.0247307153,71196.34726525258,197837.1159688018,69572.84448909129,163422.4360902739,255503.8365550583,18175.27994799434,34139.94353799151,1187.836818818345,1245333.931487481
2018-10-01,93530.13103614835,136727.39725476,46687.14147541609,2166.425221579754,52210.70303727725,100057.103614878,63180.38216880662,198193.6893840672,68366.72797478801,159666.4087924854,254261.5279797078,17692.62616230691,35150.57271514174,1147.337528308827,1224315.479010376
2018-11-01,95608.87350642458,135448.5320923192,43581.70535926217,2167.19848087234,48329.45424065566,98915.55493245041,61813.65731517161,195119.6829264978,66570.71134569393,156697.9353892587,253226.1069485428,17873.44211703008,33642.35142313441,1105.409844498335,1210283.115117359
2018-12-01,97155.04445084906,136227.9523686956,41097.69062460998,2015.214081404365,50321.08727028483,97541.29875447185,62641.8409155731,199905.0786168464,64875.1224748735,162626.0299641851,204145.5389070482,18471.87375289385,31186.51356912846,1041.918346939276,1182702.177438237
2019-01-01,96124.66595680012,137006.8868039981,40830.18253244163,2115.460329426738,46822.39495059798,97858.5293132238,62489.28402870138,195903.0703834215,67624.37369932178,159730.7026178448,239086.7536176538,16027.30388121797,31927.0700870644,1147.005324365751,1205668.855426753
2019-02-01,94107.07152750636,138301.1371868858,42772.93005696102,2015.725485787157,53842.78147362751,99790.4433346077,62292.14914538465,199632.8179603656,69016.34365927611,163242.0648989845,230868.4634704326,18117.16900929014,35946.01086426054,1229.969180660788,1209908.445595669
2019-03-01,90029.18053853419,133154.2364846403,40757.26532187448,1853.455798503878,51851.22144252721,96787.78070438969,63448.71148708469,198683.8899060485,61799.49350136737,163633.4140497158,243046.1951577931,17994.11151211974,27801.5870122933,1060.352938006582,1197968.590006455
2019-04-01,111633.1794823367,135648.543889474,46709.8304246055,1771.95901776988,54859.54145655523,99041.07995487232,54298.24761992165,195470.1065895015,63653.14855187087,162505.9303170674,277443.5006470912,18331.9411137291,30623.23542645078,1050.72483585433,1248713.851741023
2019-05-01,103929.4182062963,135919.233812191,43734.69716940958,1850.106803006512,56049.64134660759,98256.82145922865,63786.77739855368,192806.4756588484,64596.35242073445,161903.5715519861,241101.5783902134,19163.20961398763,30675.62455523065,995.9948949489874,1206293.092115866
2019-06-01,105745.8510399262,138267.0062543904,45479.85929986763,1827.198079619513,55659.52633833408,96680.64919717457,61715.2566943007,188320.7718894759,63004.19682072231,149900.6321774454,241978.634163613,19904.10095928209,26877.08912331764,995.9840881913874,1197467.858973776
2019-07-01,104910.3948558605,136311.2780255487,45575.40184306309,1765.993773636381,57258.25688182258,96629.1267444541,60920.39568409755,197527.9232099483,66486.34130449874,154297.2119040373,249406.428468267,19170.6064449593,29112.37228260262,1064.920373123603,1211759.932585702
2019-08-01,97850.16087638818,135992.4265256077,46018.8210439543,1798.821448739969,57262.2625115554,100623.4077676346,65894.22280675132,194785.8003906018,63390.25656551095,163249.2544824766,263773.5486255644,18255.40898876237,29719.84878122085,1041.57732081205,1234861.574364692
2019-09-01,89271.74744452999,133644.4461502752,49666.35077278998,1756.117067867618,56889.42770185888,97485.76372257058,66247.28850203093,184019.8506995988,62470.47185033714,164156.7069722873,241449.8408377775,19068.07588777049,29761.83701510335,1167.498153361304,1191188.07352497
2019-10-01,89366.23636796547,134783.2130792768,48925.57587222932,1776.384945631197,57980.82349174792,102635.5836410024,64774.44888671066,199105.8875176742,64726.78312395499,160155.5619062824,243447.6885207561,19479.14776092395,31021.90206220772,1223.597880699838,1220733.428160348
2019-11-01,83876.65711301607,136425.1848031188,47870.1150856949,1760.359627397856,58172.10102403603,101985.5550052081,63123.3105700162,194945.429249759,64679.52564372663,140679.7137855523,220867.8140154151,19415.21519091009,29282.47000019941,1199.849332220324,1167747.148996397
2019-12-01,85331.11550148227,136544.8682541189,47908.91286262465,1746.876306891593,57599.18427964114,100473.6106384213,64216.46448112078,195361.2854047782,66169.6780504738,145891.5591697758,185651.1771627894,18951.83390132316,28133.77915315862,1159.710961522717,1151190.46720333
2020-01-01,93657.72583282477,134322.3969461986,49395.1856069995,1730.359870042593,59526.21957192973,99902.92835036553,60937.97029952855,198744.8498027432,63986.46224421509,154152.9389548616,187011.4258782309,19532.8879906442,34127.90985313286,1097.601715771769,1163580.775699651
2020-02-01,86521.25732853664,134508.3596855462,48084.6480688789,1748.627008883273,57958.23419633162,98074.41965410647,63425.60170884368,200715.4791226572,67048.25715094533,160391.435061605,192248.2325426962,20402.59400328799,34146.58692208112,1030.668148458984,1167937.319743058
2020-03-01,78998.55740777509,132816.739762878,46350.06534280067,1419.139179660477,39431.29054862822,84666.51824611376,61519.83795698962,197435.4763247599,53799.64416154032,103125.2178971698,144465.4712345189,17083.4816850511,23195.62843772864,1243.464266637499,987201.7923141392
2020-04-01,83341.45149116697,130351.5940341956,41893.25451187317,389.9811663122779,14312.2974051207,84488.48435855885,57735.00046877168,171246.1764141443,36970.88485296589,54889.98284867516,72761.0996634456,10289.63605344734,8758.838548518595,1063.966029584512,765168.9696229839
2020-05-01,81537.18578654066,135928.3363931965,42892.18183475664,1839.070912638143,30381.87678605033,89986.3216899894,59852.25110300775,185667.3536980828,50573.12358910327,94155.46997426605,114150.8039435368,15573.2310517334,15575.38004024663,1154.176238266026,914634.1050848855
2020-06-01,81066.99416870848,135515.172575493,45095.16949056575,2246.298812840433,43841.52672912259,87330.86298317657,62586.34726162125,188180.9544710797,59290.04155337982,123519.4252504977,142920.1507830562,18025.32308836214,24318.92925985275,1238.983203784187,1004948.070605721
2020-07-01,83511.98544298575,131535.2612601797,45232.10616384936,2071.378345747853,47466.29831128707,95053.41719307032,63352.15454378727,202389.372713527,58952.00316245258,147407.7544307541,150272.437493797,17980.04058746996,27339.76541076019,1180.286861922598,1063655.498540407
2020-08-01,90624.50120204731,133055.8447155373,47026.19911923374,2002.178702173349,50597.83304312626,96239.4751445936,63694.17664312082,201246.8090239196,62842.70637677356,152492.4931221351,160592.5470936896,19686.52443086357,27646.74660913937,1204.733879658178,1106660.487822757
2020-09-01,87834.08530426137,133236.3016415675,46126.07262969562,1849.454980214669,53155.68003858819,98629.98056545864,61834.52148708195,196275.4740732971,65520.34396453431,154710.0488260284,175231.0868339472,20348.74433035745,30649.98491642721,1232.460715952935,1128191.276861092
2020-10-01,88711.19735755063,135456.601011096,46933.38480721066,1778.92675157843,58379.64930041874,96934.21628965536,65705.86645172963,194017.0457676607,67338.77463363294,165648.1298078898,179990.2622377537,21186.24910877147,30033.47947434069,1214.877521118773,1152040.787152427
2020-11-01,93699.33247296301,136903.7826744022,46081.80110465884,1912.35952667397,58816.80605274119,97815.81933329873,68384.75763707754,203523.9204811393,68717.82229691955,166364.5781491324,206819.3492954866,21719.81086857637,30850.46737000538,1213.784503218474,1203159.353935722
2020-12-01,58841.94263214113,133985.5525038113,47764.50273865659,1755.762409962069,59060.62138080156,99439.35051438859,65309.5947127472,203293.3406662346,67791.15527964559,160582.620522784,238704.6610242244,21823.28715645332,32933.18022856764,1094.18697370969,1213622.7367
2021-01-01,92696.70381424449,135054.6553318258,47854.89734551983,1726.609691049912,63698.63663934004,91189.21229764499,68532.09651307638,202510.4367334356,72874.62206000065,172109.4397258466,253230.0387396844,22075.19179166926,35958.89254505782,1227.137613969898,1273039.306576251
2021-02-01,94289.27863366608,135598.937119768,47511.0091294823,1658.03236433934,59989.66445249502,98974.73326052018,67377.52445205388,193593.5061507488,67875.15172357328,156531.5292109729,245676.4721886219,22657.57125262106,32306.6331378229,1218.320785677058,1225246.664872392
2021-03-01,97025.3658722501,137443.4447319426,49239.54621205492,1933.28492305797,60635.9495014914,98592.92788093232,65219.45067887565,204057.3117230202,68225.00793440097,168510.5435063448,254782.1836376064,22068.59932748571,34444.81819231329,1281.246949357181,1260065.3814441
2021-04-01,87661.28770236188,137966.6884858739,48906.66044138741,1895.538843546328,59431.72318576198,98479.42796460277,60294.41156934355,209081.606373494,66714.37391222961,167180.0795842065,243909.8238091413,21288.8679552707,32045.33398254521,1278.692066593905,1227529.579582394
2021-05-01,87007.76185212049,136478.9438931466,49499.66765799478,1865.788479753628,58876.44161001351,95228.68971117817,62791.57326091324,205893.9288945557,64618.82148145224,158686.7555906849,263449.5057363654,21479.19202336608,33683.54773841485,1290.646236239342,1236166.717514517
2021-06-01,87617.23321026581,135477.2847724069,51904.61574328984,1895.963078505884,58970.38573516439,100760.637721496,67061.7100654017,212165.8014557627,68701.84327609684,167330.9562214916,260519.475916136,21865.32340081996,33553.48987677026,1282.051937296628,1263070.174417131
2021-07-01,90883.10731500051,137179.1247097612,47565.68824841092,1524.595645699592,58408.26917813904,101954.5399585061,66779.51646898569,198639.6478068458,67382.54026558468,170482.104754764,264957.5913776137,21962.78175507595,32317.2784567843,1284.017881577086,1255919.773150691
2021-08-01,84492.07596035409,137257.921506427,49301.45918854275,1747.665718240009,58839.08856243757,99317.07129900115,64322.92217136724,199184.8608277956,66640.22979170854,168140.2415804244,276282.6455865763,21723.23885417484,32834.4657470215,1328.366945630077,1257485.536189732
2021-09-01,88953.28714462944,144695.4927337337,49928.67317907132,1721.098230093462,61543.1843242534,99928.83421117706,64235.02799351012,204132.3592368863,68501.1937532764,171848.5569732543,278305.2434856691,21986.89086813101,33290.43032896325,1282.67966904835,1291967.635947054
2021-10-01,89502.93671423868,137164.9801502309,49117.95724490537,1754.442303770088,60232.01999269843,101218.8956001661,65639.14321694738,196276.0871468159,66532.39558387226,164517.9300812529,269409.1726241211,21326.69572837993,33095.85560420833,1290.426970536528,1258887.754153693
2021-11-01,86649.88861099721,136489.711179522,50616.58327188101,1592.896819703945,60961.31775584189,102423.8077239203,74833.11971472877,209604.9617105576,68224.78446074703,172837.6023096883,273722.8328767289,21739.34952236225,34114.42872485446,1294.272668036171,1294095.534554149
2021-12-01,81966.35079368684,138324.8301426314,51240.32893292366,1658.582661479137,60827.00160389121,102453.1285553016,70162.38072736285,212255.9509543091,70550.31953599642,170257.5918520431,299269.9540503786,22759.09815414734,37071.47170641115,1281.71411955347,1332772.869853929
2022-01-01,86977.01743471678,136182.3474440612,51331.37820226351,1694.985997723185,59907.26383984837,101879.1468894465,68009.42910337904,216634.9037967865,67643.67794154123,173373.1914093896,248899.7916813867,22238.9718169433,34149.75094724807,1287.785301087924,1283762.089051716
2022-01-02,88649.03758855072,137282.1419504842,52641.6886503622,1688.014420346797,62456.56413581521,101915.2476044045,59692.98304374026,212905.4377695649,70918.40071854564,170629.4211746346,281857.3260130162,22085.68332272507,34707.74376992886,1357.654703828279,1298231.399528666
2022-01-03,87135.39053361534,132658.9332781596,52238.54741659795,1506.689530355292,60660.82253078078,97783.2539809586,61285.47160502226,214546.6394946549,68859.11667787675,165951.1005210961,281636.5989034786,22069.63171218767,32760.57441027203,1276.6820328762,1281488.764277334
2022-01-04,93042.02854514401,137057.5640719016,52545.84170718403,1561.991146462117,61502.78526098482,103702.556201836,67503.61841205735,212594.7971651598,71069.62908706433,170702.0206359003,261934.1779279128,22540.10203362076,34194.64295200859,1340.771082013686,1284311.031522502
2022-01-05,91710.24566265551,137819.2702079481,55530.6256495339,1530.536568674846,61321.58081986568,102299.6489386594,68696.65904718926,211425.3828962703,68249.32096921524,176132.4192572308,280914.1554196224,22520.13994513523,33560.37992989984,1325.646981882879,1308112.500286211
2022-01-06,87984.54126017282,138954.5288627077,54067.79358607405,1484.978178070083,62389.67035510065,108028.1717071922,63316.85058877044,217094.7462895262,68506.16712533247,172568.5420132101,302993.4655379559,22775.05998389475,34551.22561021393,1361.002188045529,1327994.359988058
2022-01-07,84773.17640193223,140462.755740129,53160.66920648673,1538.186023131304,62087.24329856759,103403.5005340195,66446.93320851085,212512.4404545528,68722.75961617225,177443.8853192901,302147.1078292702,22432.23540099791,35508.70630031616,1360.301707120243,1328602.004940718
2022-01-08,83159.30667506398,140206.7747365124,49651.97807376115,1488.935527283183,63424.39061546143,99681.31308951961,67383.29638770207,214130.3280188664,68630.91387846164,185527.3489860113,292543.0467719814,21825.60195709144,35212.97320979922,1342.102526319132,1318637.703931695
2022-01-09,94051.83128982947,139083.5766017799,50767.85957504255,1519.622620906291,61390.91889578855,102034.8867967912,68018.98680113305,210789.0021671199,66701.62547542753,168265.4403815866,285266.3915662048,21797.51341033274,34457.62529874589,1361.585399883085,1304623.559071044
2022-01-10,92116.58953679442,139520.8169546405,51068.27559919349,1600.427516964414,60087.04642941102,100648.8024459877,68065.65872821076,210126.9208801971,68919.46720490075,176814.3028591739,289832.3670638062,21877.04196886344,34926.06592438196,1404.929270566896,1320493.799567391
2022-01-11,93648.89460204483,140401.6534057588,50984.00900048892,1535.213909965722,60326.16311124637,100687.034215771,64656.06492027942,208951.1360622686,68844.77714505988,167889.5618580118,281952.73442914,21986.31190247092,36055.38292020807,1505.158829517632,1301226.607170081
2022-01-12,91175.41839921667,140051.3986628974,50601.87702497285,1536.716209598997,60740.54688930944,101142.7237730366,65690.53342518839,206168.3661545717,67367.61136174323,173194.817730089,283716.3254824285,21895.00700389159,36344.04820913123,1510.879219835135,1315388.428256254
2023-01-01,80832.61562184089,143211.6432400493,52452.81343353729,1472.053531417582,58432.94488818341,106767.3599619295,67213.15291162369,204782.7012532637,71805.98593661602,165182.9383805981,296454.4788559996,22006.82721707047,36747.09238618791,1467.865557351251,1320364.823953486
2023-01-02,74753.44323970514,140436.7976516828,51359.02497925254,1409.1788173395,61392.08718540504,101921.8968448606,66240.39256872801,205329.5448701347,69236.18443802618,171432.8781128794,265744.9142311116,21593.05496071372,37704.15231809211,1340.344699622747,1268240.209494771
2023-01-03,82698.75845447107,143447.4057765118,53123.99799142377,1510.476088242367,63629.18011537542,102170.1470835533,67744.06514784801,205425.72076819,70723.98633728243,172112.1134544541,267693.7974370546,22128.16429010843,40411.77362971871,1459.065443165968,1287658.266745992
2023-01-04,78342.41999596915,142197.0899475887,51372.05675183616,1486.966946106778,60820.00505191406,101921.3744696667,68648.28144410858,206771.3479999065,71053.54650736929,169256.6269463112,284942.1140364484,22500.16777957473,36436.12583811841,1443.37881549468,1298180.927234212
2023-01-05,79187.93637419125,142464.8195475826,49741.90172471333,1437.059108347792,59727.45756566369,102856.1209085012,67820.03329177162,205494.3773151808,69526.67197617528,167592.1016153192,273559.6291060492,22319.08511456754,35880.56644666435,1418.285967336521,1273990.815508933
2023-01-06,84589.23984817587,141526.6946603373,49233.82055983432,1431.237899026257,59884.22030268573,101635.6155586995,67261.43848388949,209226.883389996,69816.37838174467,166248.7482633477,254268.7745670198,22244.45016484704,35572.48478539997,1416.5797042448,1251759.734660263
2023-01-07,83448.56834749959,142993.5297531853,49981.39374899326,1499.040304580185,61034.59027278606,101235.6884013709,65181.02849216043,210897.7705280284,71500.49801213806,160101.4278274238,203068.1155533236,21939.81990837209,35264.45025451676,1433.074734273856,1207181.262446117
2023-01-08,88007.60395170267,137989.2447232283,50866.04040207072,1468.889520510382,61466.22849791683,102328.156365069,59410.29174177745,204933.4980546259,69803.63160533718,161143.9146403886,252469.3358542018,22895.9673831017,36156.75693579857,1405.249307746798,1249370.949695475
2023-01-09,75011.5368157459,147402.9572409014,50333.21200558802,1520.29221916403,61324.9461402508,102068.9574096613,65157.74571617216,208580.7601471507,71658.5312406342,165880.0633446598,279932.153421276,23078.40669367844,35978.59566645961,1405.955034758638,1293912.290670137
2023-01-10,73340.95784340714,141454.7178646964,49163.45760039311,1389.212436886415,61307.81957311857,99679.32435883628,56544.61892397847,203973.528567717,67338.80498816879,163682.48364226,280005.1687940981,22795.25611005962,35266.13367194553,1384.431415058121,1259290.867732703
2023-01-11,71288.03524143461,140046.2549323018,50960.59789977298,1511.954890144976,62174.29283593951,99972.12963426128,62080.69216578486,201994.6344482317,66134.77103164066,162144.6470844686,270665.3737731418,22125.94297745551,35362.57729960627,1356.257564226341,1246365.893168237
2023-01-12,81474.82843623916,139543.2683021984,51784.27868114108,1534.099237189329,61963.19482345288,100014.0443918082,61232.97420888615,191280.1616567901,65643.05900686947,162388.2385759912,247764.8472733533,21940.8308545013,34621.412092342,1435.997430051577,1236486.541330898
2024-01-01,82346.69082701812,141567.6534254257,46495.46700175684,1525.049811665629,51246.33606520531,101108.8030950614,60342.61051002277,191169.0130176329,62450.70696065649,148558.7286433645,281211.2973223521,22004.3185535299,32869.2050006552,1592.2605829768,1233637.600412417
